   2   1   1 E -1.6043044640487E+04 DE-2.1E-08(  5)
  0.132037372000E+02  0.808495724938E-15  0.000000000000E+00
  0.000000000000E+00  0.134147389800E+02  0.000000000000E+00
  0.000000000000E+00  0.000000000000E+00  0.500000000000E+03
    1
  0.100000000000E+01  0.000000000000E+00  0.000000000000E+00
  0.000000000000E+00  0.100000000000E+01  0.000000000000E+00
  0.000000000000E+00  0.000000000000E+00  0.100000000000E+01
  0.000000000000E+00  0.000000000000E+00  0.000000000000E+00
   47
   15      1.592173187466     -1.891132386113      1.044092450877
   15      1.693194087786      2.634109097910      1.091280648235
   15      1.763363734235     -6.249559213213      0.954263597154
   15      4.902290114020     -1.919483134429      1.005187749512
   15      4.986109571929      2.643877869676      1.080573156953
   7       5.395899054238     -5.675266786096      0.693479175184
   15     -5.030294983953     -1.916033664113      1.261062161989
   15     -4.943591328053      2.689859300851      1.127980296255
   7      -5.012327817632     -6.440540103494      0.958931713381
   15     -1.701190096507     -1.888143589814      1.135087629886
   15     -1.638301651544      2.629530756047      1.110454905464
   15     -1.583098853667     -6.385871556417      1.012718761402
   15     -0.044191975572     -0.394150866708      1.123096901992
   15      0.035170154954      4.100060129159      1.070080378300
   15      0.021749073061     -4.859329282823      0.988171180250
   15      3.262379621771     -0.426574432892      1.109132063718
   15      3.344141313400      4.135859916565      1.102322574026
   7       3.319112875007     -4.683270628789      0.778429788797
   15      6.533870563055     -0.411826891713      1.135069344154
   15      6.603196048703      4.174598814602      1.047148308711
   15     -3.367873441803     -0.421256437736      1.167987446331
   15     -3.264293929324      4.152091000513      1.070369311773
   7      -3.348871613530     -5.044017995243      1.127708740057
   15     -0.024464933913      0.367831687858     -0.999793471292
   15      0.073559657955      4.810989529333     -1.076859472100
   15     -0.085371803712     -4.039075048943     -1.119541211560
   15      3.292276615418      0.353541959552     -1.006954246066
   15      3.412596226144      4.910299391262     -1.014042779242
   7       3.162638511364     -3.931374207273     -1.308254250642
   15      6.616345881155      0.363017686413     -0.988769584245
   7       6.652527724451      4.846214227437     -1.119020651364
   7      -6.841107896598     -4.267224695030     -0.929316721196
   15     -3.345512949393      0.350969545338     -0.966741049426
   15     -3.215747941436      4.732872119933     -1.109453553032
   7      -3.391884969808     -4.168613664578     -0.931887589847
   15      1.649064726087      1.839722554755     -1.027001905688
   15      1.708265458093      6.318630481519     -1.120205636685
   15      1.501329336447     -2.474751304622     -1.141877534689
   15      4.948868286122      1.831201010496     -1.029359837174
   7       5.059197530810      6.390298623712     -1.153537615058
   7       4.926017107940     -2.578742498312     -1.176521269704
   15     -4.959812343259      1.866606639719     -0.981986958059
   7      -4.841812898218      6.266470585957     -1.122217119072
   7      -5.140154112203     -2.823693756219     -0.790544891147
   15     -1.678904465637      1.829645433556     -0.998246808745
   15     -1.597863711091      6.264596336580     -1.117069645031
   15     -1.793056944757     -2.616514588715     -1.001652505669
    1    1



