   2   1   1 E -1.3653837771689E+03 DE 1.7E-07(  5)
  0.330093429999E+01  0.000000000000E+00  0.000000000000E+00
  0.000000000000E+00  0.447157966069E+01  0.000000000000E+00
  0.000000000000E+00  0.000000000000E+00  0.500000000000E+03
    8
  0.100000000000E+01  0.000000000000E+00  0.000000000000E+00
  0.000000000000E+00  0.100000000000E+01  0.000000000000E+00
  0.000000000000E+00  0.000000000000E+00  0.100000000000E+01
  0.000000000000E+00  0.000000000000E+00  0.000000000000E+00
 -0.100000000000E+01  0.000000000000E+00  0.000000000000E+00
  0.000000000000E+00  0.100000000000E+01  0.000000000000E+00
  0.000000000000E+00  0.000000000000E+00 -0.100000000000E+01
  0.165046715000E+01  0.223578983034E+01  0.000000000000E+00
  0.100000000000E+01  0.000000000000E+00 -0.333066907388E-15
  0.000000000000E+00 -0.100000000000E+01  0.000000000000E+00
  0.000000000000E+00  0.000000000000E+00 -0.100000000000E+01
 -0.137428997348E-15  0.000000000000E+00  0.000000000000E+00
 -0.100000000000E+01  0.000000000000E+00  0.333066907388E-15
  0.000000000000E+00 -0.100000000000E+01  0.000000000000E+00
  0.000000000000E+00  0.000000000000E+00  0.100000000000E+01
 -0.165046715000E+01  0.223578983034E+01  0.000000000000E+00
 -0.100000000000E+01  0.000000000000E+00  0.000000000000E+00
  0.000000000000E+00 -0.100000000000E+01  0.000000000000E+00
  0.000000000000E+00  0.000000000000E+00 -0.100000000000E+01
  0.000000000000E+00  0.000000000000E+00  0.000000000000E+00
  0.100000000000E+01  0.000000000000E+00  0.000000000000E+00
  0.000000000000E+00 -0.100000000000E+01  0.000000000000E+00
  0.000000000000E+00  0.000000000000E+00  0.100000000000E+01
  0.165046715000E+01  0.223578983034E+01  0.000000000000E+00
 -0.100000000000E+01  0.000000000000E+00  0.333066907388E-15
  0.000000000000E+00  0.100000000000E+01  0.000000000000E+00
  0.000000000000E+00  0.000000000000E+00  0.100000000000E+01
  0.137428997348E-15  0.000000000000E+00  0.000000000000E+00
  0.100000000000E+01  0.000000000000E+00 -0.333066907388E-15
  0.000000000000E+00  0.100000000000E+01  0.000000000000E+00
  0.000000000000E+00  0.000000000000E+00 -0.100000000000E+01
  0.165046715000E+01  0.223578983034E+01  0.000000000000E+00
    4
   15      1.650467149995     -1.857764449169      1.059040160434
   15      0.000000000000     -0.378025381176      1.059040160434
   15     -0.000000000000      0.378025381176     -1.059040160434
   15      1.650467149995      1.857764449169     -1.059040160434
   64    8
